# relative_time, cycles_done, cur_item, corpus_count, pending_total, pending_favs, map_size, saved_crashes, saved_hangs, max_depth, execs_per_sec, total_execs, edges_found
61, 0, 1, 33, 30, 2, 38.60%, 5, 0, 2, 471.65, 29091, 22
66, 0, 1, 33, 30, 2, 38.60%, 5, 0, 2, 436.43, 31286, 22
71, 0, 1, 35, 32, 2, 38.60%, 5, 0, 2, 422.92, 33350, 22
76, 0, 30, 41, 36, 3, 38.60%, 6, 0, 3, 409.11, 35390, 22
81, 0, 5, 41, 33, 0, 38.60%, 6, 0, 3, 392.45, 37340, 22
86, 0, 34, 42, 34, 0, 40.35%, 6, 0, 3, 395.57, 39319, 23
91, 0, 5, 42, 33, 0, 40.35%, 6, 0, 3, 396.24, 41369, 23
96, 0, 30, 42, 33, 0, 40.35%, 6, 0, 3, 405.06, 43407, 23
101, 0, 34, 42, 33, 0, 40.35%, 6, 0, 3, 410.50, 45491, 23
107, 0, 41, 42, 33, 0, 40.35%, 6, 0, 3, 405.06, 47504, 23
112, 0, 41, 42, 33, 0, 40.35%, 6, 0, 3, 395.97, 49518, 23
117, 0, 9, 42, 33, 0, 40.35%, 6, 0, 3, 407.99, 51573, 23
122, 0, 5, 42, 33, 0, 40.35%, 6, 0, 3, 53.26, 53337, 23
127, 0, 5, 42, 33, 0, 40.35%, 6, 0, 3, 348.86, 55205, 23
132, 0, 34, 42, 33, 0, 40.35%, 6, 0, 3, 292.83, 56645, 23
137, 0, 5, 42, 33, 0, 40.35%, 6, 0, 3, 321.38, 58290, 23
142, 0, 34, 42, 33, 0, 40.35%, 6, 0, 3, 293.85, 59806, 23
147, 0, 34, 42, 33, 0, 40.35%, 6, 0, 3, 290.64, 61094, 23
152, 1, 5, 42, 33, 0, 40.35%, 6, 0, 3, 308.01, 62703, 23
157, 1, 34, 42, 33, 0, 40.35%, 6, 0, 3, 328.03, 64366, 23
162, 1, 34, 42, 33, 0, 40.35%, 6, 0, 3, 348.19, 66118, 23
168, 1, 5, 42, 33, 0, 40.35%, 6, 0, 3, 348.03, 67908, 23
173, 1, 5, 42, 33, 0, 40.35%, 6, 0, 3, 365.83, 69782, 23
178, 1, 9, 42, 33, 0, 40.35%, 6, 0, 3, 393.36, 71873, 23
183, 1, 34, 42, 33, 0, 40.35%, 6, 0, 3, 39.97, 73361, 23
188, 1, 5, 42, 33, 0, 40.35%, 6, 0, 3, 412.82, 75568, 23
193, 1, 30, 42, 33, 0, 40.35%, 6, 0, 3, 433.31, 77811, 23
198, 1, 30, 42, 33, 0, 40.35%, 6, 0, 3, 429.13, 80022, 23
204, 1, 34, 42, 33, 0, 40.35%, 6, 0, 3, 416.40, 81860, 23
209, 1, 34, 42, 32, 0, 40.35%, 6, 0, 3, 402.57, 83435, 23
214, 2, 28, 42, 31, 0, 40.35%, 6, 0, 3, 379.72, 85187, 23
219, 2, 34, 42, 31, 0, 40.35%, 6, 0, 3, 77.75, 86817, 23
224, 2, 5, 42, 31, 0, 40.35%, 6, 0, 3, 370.56, 88528, 23
229, 2, 28, 42, 31, 0, 40.35%, 6, 0, 3, 357.80, 90287, 23
234, 2, 28, 42, 31, 0, 40.35%, 6, 0, 3, 343.53, 91997, 23
239, 2, 30, 42, 31, 0, 40.35%, 6, 0, 3, 346.12, 93755, 23
244, 2, 30, 42, 31, 0, 40.35%, 6, 0, 3, 329.38, 95382, 23
249, 2, 30, 42, 31, 0, 40.35%, 6, 0, 3, 288.09, 96823, 23
255, 2, 30, 42, 31, 0, 40.35%, 6, 0, 3, 284.92, 98285, 23
260, 2, 30, 42, 31, 0, 40.35%, 6, 0, 3, 266.36, 99629, 23
265, 2, 34, 42, 31, 0, 40.35%, 6, 0, 3, 318.43, 101322, 23
270, 2, 28, 42, 30, 0, 40.35%, 6, 0, 3, 345.61, 103146, 23
275, 2, 30, 42, 30, 0, 40.35%, 6, 0, 3, 346.17, 104889, 23
280, 2, 30, 42, 30, 0, 40.35%, 6, 0, 3, 333.71, 106596, 23
285, 2, 28, 42, 30, 0, 40.35%, 6, 0, 3, 304.62, 108093, 23
286, 2, 5, 42, 30, 0, 40.35%, 6, 0, 3, 296.57, 108406, 23
